# Chunk-averaged data for fix DENSITYFIXOH and group file
# Timestep Number-of-chunks Total-count
# Chunk Coord1 Ncount density/number
2500000 70 45
  1 -34.1187 0 0
  2 -33.1187 0 0
  3 -32.1187 0 0
  4 -31.1187 0 0
  5 -30.1187 0 0
  6 -29.1187 0 0
  7 -28.1187 0 0
  8 -27.1187 0 0
  9 -26.1187 0 0
  10 -25.1187 0 0
  11 -24.1187 1 0.000803292
  12 -23.1187 2 0.00160658
  13 -22.1187 0 0
  14 -21.1187 1 0.000803292
  15 -20.1187 1 0.000803292
  16 -19.1187 2 0.00160658
  17 -18.1187 3 0.00240988
  18 -17.1187 0 0
  19 -16.1187 1 0.000803292
  20 -15.1187 1 0.000803292
  21 -14.1187 1 0.000803292
  22 -13.1187 1 0.000803292
  23 -12.1187 1 0.000803292
  24 -11.1187 1 0.000803292
  25 -10.1187 2 0.00160658
  26 -9.11872 1 0.000803292
  27 -8.11872 0 0
  28 -7.11872 1 0.000803292
  29 -6.11872 0 0
  30 -5.11872 1 0.000803292
  31 -4.11872 0 0
  32 -3.11872 3 0.00240988
  33 -2.11872 0 0
  34 -1.11872 0 0
  35 -0.118716 1 0.000803292
  36 0.881284 0 0
  37 1.88128 1 0.000803292
  38 2.88128 2 0.00160658
  39 3.88128 0 0
  40 4.88128 0 0
  41 5.88128 0 0
  42 6.88128 1 0.000803292
  43 7.88128 1 0.000803292
  44 8.88128 2 0.00160658
  45 9.88128 0.2 0.000160658
  46 10.8813 0.8 0.000642633
  47 11.8813 1 0.000803292
  48 12.8813 0 0
  49 13.8813 0 0
  50 14.8813 1 0.000803292
  51 15.8813 0 0
  52 16.8813 1 0.000803292
  53 17.8813 1 0.000803292
  54 18.8813 0 0
  55 19.8813 1 0.000803292
  56 20.8813 1 0.000803292
  57 21.8813 2 0.00160658
  58 22.8813 1 0.000803292
  59 23.8813 1.6 0.00128527
  60 24.8813 0.4 0.000321317
  61 25.8813 1 0.000803292
  62 26.8813 0 0
  63 27.8813 0 0
  64 28.8813 0 0
  65 29.8813 0 0
  66 30.8813 0 0
  67 31.8813 0 0
  68 32.8813 0 0
  69 33.8813 0 0
  70 34.8813 0 0
3000000 70 45
  1 -34.1187 0 0
  2 -33.1187 0 0
  3 -32.1187 0 0
  4 -31.1187 0 0
  5 -30.1187 0 0
  6 -29.1187 0 0
  7 -28.1187 0 0
  8 -27.1187 0 0
  9 -26.1187 1 0.000803292
  10 -25.1187 0 0
  11 -24.1187 0 0
  12 -23.1187 1 0.000803292
  13 -22.1187 3 0.00240988
  14 -21.1187 1 0.000803292
  15 -20.1187 1 0.000803292
  16 -19.1187 0 0
  17 -18.1187 2 0.00160658
  18 -17.1187 0 0
  19 -16.1187 0 0
  20 -15.1187 0 0
  21 -14.1187 0 0
  22 -13.1187 1 0.000803292
  23 -12.1187 1 0.000803292
  24 -11.1187 1 0.000803292
  25 -10.1187 1 0.000803292
  26 -9.11872 1 0.000803292
  27 -8.11872 2 0.00160658
  28 -7.11872 1 0.000803292
  29 -6.11872 1 0.000803292
  30 -5.11872 0 0
  31 -4.11872 2 0.00160658
  32 -3.11872 0 0
  33 -2.11872 1 0.000803292
  34 -1.11872 0 0
  35 -0.118716 3 0.00240988
  36 0.881284 0 0
  37 1.88128 2 0.00160658
  38 2.88128 1 0.000803292
  39 3.88128 1 0.000803292
  40 4.88128 1 0.000803292
  41 5.88128 0 0
  42 6.88128 0 0
  43 7.88128 2 0.00160658
  44 8.88128 1 0.000803292
  45 9.88128 2 0.00160658
  46 10.8813 0 0
  47 11.8813 0 0
  48 12.8813 1 0.000803292
  49 13.8813 0 0
  50 14.8813 0 0
  51 15.8813 1 0.000803292
  52 16.8813 0 0
  53 17.8813 1 0.000803292
  54 18.8813 1 0.000803292
  55 19.8813 0 0
  56 20.8813 0 0
  57 21.8813 2 0.00160658
  58 22.8813 1 0.000803292
  59 23.8813 1 0.000803292
  60 24.8813 2 0.00160658
  61 25.8813 1 0.000803292
  62 26.8813 0 0
  63 27.8813 0 0
  64 28.8813 0 0
  65 29.8813 0 0
  66 30.8813 0 0
  67 31.8813 0 0
  68 32.8813 0 0
  69 33.8813 0 0
  70 34.8813 0 0
3500000 70 45
  1 -34.1187 0 0
  2 -33.1187 0 0
  3 -32.1187 0 0
  4 -31.1187 0 0
  5 -30.1187 0 0
  6 -29.1187 0 0
  7 -28.1187 0 0
  8 -27.1187 0 0
  9 -26.1187 1 0.000803292
  10 -25.1187 1 0.000803292
  11 -24.1187 1 0.000803292
  12 -23.1187 0 0
  13 -22.1187 2 0.00160658
  14 -21.1187 2 0.00160658
  15 -20.1187 1 0.000803292
  16 -19.1187 2 0.00160658
  17 -18.1187 2 0.00160658
  18 -17.1187 0 0
  19 -16.1187 0 0
  20 -15.1187 0 0
  21 -14.1187 1 0.000803292
  22 -13.1187 1 0.000803292
  23 -12.1187 0 0
  24 -11.1187 1 0.000803292
  25 -10.1187 0 0
  26 -9.11872 0 0
  27 -8.11872 0 0
  28 -7.11872 0 0
  29 -6.11872 2.8 0.00224922
  30 -5.11872 0.2 0.000160658
  31 -4.11872 1 0.000803292
  32 -3.11872 0 0
  33 -2.11872 3 0.00240988
  34 -1.11872 1 0.000803292
  35 -0.118716 1 0.000803292
  36 0.881284 0 0
  37 1.88128 1 0.000803292
  38 2.88128 1 0.000803292
  39 3.88128 1 0.000803292
  40 4.88128 0 0
  41 5.88128 2 0.00160658
  42 6.88128 1 0.000803292
  43 7.88128 1 0.000803292
  44 8.88128 0 0
  45 9.88128 0 0
  46 10.8813 0 0
  47 11.8813 1.4 0.00112461
  48 12.8813 0.6 0.000481975
  49 13.8813 1 0.000803292
  50 14.8813 3 0.00240988
  51 15.8813 0 0
  52 16.8813 0 0
  53 17.8813 1 0.000803292
  54 18.8813 2 0.00160658
  55 19.8813 1 0.000803292
  56 20.8813 1 0.000803292
  57 21.8813 1 0.000803292
  58 22.8813 0 0
  59 23.8813 0 0
  60 24.8813 1 0.000803292
  61 25.8813 1 0.000803292
  62 26.8813 0 0
  63 27.8813 0 0
  64 28.8813 0 0
  65 29.8813 0 0
  66 30.8813 0 0
  67 31.8813 0 0
  68 32.8813 0 0
  69 33.8813 0 0
  70 34.8813 0 0
4000000 70 45
  1 -34.1187 0 0
  2 -33.1187 0 0
  3 -32.1187 0 0
  4 -31.1187 0 0
  5 -30.1187 0 0
  6 -29.1187 0 0
  7 -28.1187 0 0
  8 -27.1187 0 0
  9 -26.1187 0 0
  10 -25.1187 1 0.000803292
  11 -24.1187 1 0.000803292
  12 -23.1187 1.6 0.00128527
  13 -22.1187 1.4 0.00112461
  14 -21.1187 0 0
  15 -20.1187 1 0.000803292
  16 -19.1187 0 0
  17 -18.1187 1 0.000803292
  18 -17.1187 1 0.000803292
  19 -16.1187 2 0.00160658
  20 -15.1187 0 0
  21 -14.1187 1 0.000803292
  22 -13.1187 1 0.000803292
  23 -12.1187 2 0.00160658
  24 -11.1187 1 0.000803292
  25 -10.1187 0 0
  26 -9.11872 1 0.000803292
  27 -8.11872 2 0.00160658
  28 -7.11872 0 0
  29 -6.11872 0 0
  30 -5.11872 1 0.000803292
  31 -4.11872 0 0
  32 -3.11872 2 0.00160658
  33 -2.11872 1 0.000803292
  34 -1.11872 1 0.000803292
  35 -0.118716 2 0.00160658
  36 0.881284 1 0.000803292
  37 1.88128 0 0
  38 2.88128 0 0
  39 3.88128 0 0
  40 4.88128 0 0
  41 5.88128 1 0.000803292
  42 6.88128 1 0.000803292
  43 7.88128 1 0.000803292
  44 8.88128 0 0
  45 9.88128 1.8 0.00144593
  46 10.8813 3.2 0.00257053
  47 11.8813 0 0
  48 12.8813 1 0.000803292
  49 13.8813 1 0.000803292
  50 14.8813 0 0
  51 15.8813 3 0.00240988
  52 16.8813 0 0
  53 17.8813 0 0
  54 18.8813 0 0
  55 19.8813 1 0.000803292
  56 20.8813 2 0.00160658
  57 21.8813 1 0.000803292
  58 22.8813 1 0.000803292
  59 23.8813 0 0
  60 24.8813 0 0
  61 25.8813 1 0.000803292
  62 26.8813 0 0
  63 27.8813 0 0
  64 28.8813 0 0
  65 29.8813 0 0
  66 30.8813 0 0
  67 31.8813 0 0
  68 32.8813 0 0
  69 33.8813 0 0
  70 34.8813 0 0
4500000 70 45
  1 -34.1187 0 0
  2 -33.1187 0 0
  3 -32.1187 0 0
  4 -31.1187 0 0
  5 -30.1187 0 0
  6 -29.1187 0 0
  7 -28.1187 0 0
  8 -27.1187 0 0
  9 -26.1187 0 0
  10 -25.1187 1 0.000803292
  11 -24.1187 1 0.000803292
  12 -23.1187 1 0.000803292
  13 -22.1187 0 0
  14 -21.1187 2 0.00160658
  15 -20.1187 2 0.00160658
  16 -19.1187 0 0
  17 -18.1187 1 0.000803292
  18 -17.1187 1 0.000803292
  19 -16.1187 2 0.00160658
  20 -15.1187 1 0.000803292
  21 -14.1187 1 0.000803292
  22 -13.1187 1 0.000803292
  23 -12.1187 0.4 0.000321317
  24 -11.1187 0.6 0.000481975
  25 -10.1187 1.2 0.00096395
  26 -9.11872 0.8 0.000642633
  27 -8.11872 2 0.00160658
  28 -7.11872 1 0.000803292
  29 -6.11872 1 0.000803292
  30 -5.11872 1 0.000803292
  31 -4.11872 1 0.000803292
  32 -3.11872 1 0.000803292
  33 -2.11872 0 0
  34 -1.11872 2 0.00160658
  35 -0.118716 0 0
  36 0.881284 1 0.000803292
  37 1.88128 1.2 0.00096395
  38 2.88128 0.8 0.000642633
  39 3.88128 1 0.000803292
  40 4.88128 0 0
  41 5.88128 0 0
  42 6.88128 0 0
  43 7.88128 0 0
  44 8.88128 2 0.00160658
  45 9.88128 1 0.000803292
  46 10.8813 2 0.00160658
  47 11.8813 0 0
  48 12.8813 0 0
  49 13.8813 0 0
  50 14.8813 1 0.000803292
  51 15.8813 2 0.00160658
  52 16.8813 1 0.000803292
  53 17.8813 1 0.000803292
  54 18.8813 1 0.000803292
  55 19.8813 1 0.000803292
  56 20.8813 0 0
  57 21.8813 0 0
  58 22.8813 0 0
  59 23.8813 2 0.00160658
  60 24.8813 0 0
  61 25.8813 1 0.000803292
  62 26.8813 0 0
  63 27.8813 0 0
  64 28.8813 0 0
  65 29.8813 0 0
  66 30.8813 0 0
  67 31.8813 0 0
  68 32.8813 0 0
  69 33.8813 0 0
  70 34.8813 0 0
5000000 70 45
  1 -34.1187 0 0
  2 -33.1187 0 0
  3 -32.1187 0 0
  4 -31.1187 0 0
  5 -30.1187 0 0
  6 -29.1187 0 0
  7 -28.1187 0 0
  8 -27.1187 0 0
  9 -26.1187 0 0
  10 -25.1187 1 0.000803292
  11 -24.1187 1 0.000803292
  12 -23.1187 1 0.000803292
  13 -22.1187 0 0
  14 -21.1187 0 0
  15 -20.1187 0 0
  16 -19.1187 1 0.000803292
  17 -18.1187 1 0.000803292
  18 -17.1187 1 0.000803292
  19 -16.1187 1 0.000803292
  20 -15.1187 1 0.000803292
  21 -14.1187 1 0.000803292
  22 -13.1187 0 0
  23 -12.1187 1 0.000803292
  24 -11.1187 1 0.000803292
  25 -10.1187 1 0.000803292
  26 -9.11872 1 0.000803292
  27 -8.11872 1 0.000803292
  28 -7.11872 1 0.000803292
  29 -6.11872 0 0
  30 -5.11872 1 0.000803292
  31 -4.11872 0 0
  32 -3.11872 2 0.00160658
  33 -2.11872 0 0
  34 -1.11872 0 0
  35 -0.118716 1.6 0.00128527
  36 0.881284 1.4 0.00112461
  37 1.88128 3 0.00240988
  38 2.88128 1 0.000803292
  39 3.88128 0 0
  40 4.88128 1 0.000803292
  41 5.88128 2.2 0.00176724
  42 6.88128 0.8 0.000642633
  43 7.88128 2 0.00160658
  44 8.88128 1 0.000803292
  45 9.88128 0 0
  46 10.8813 1 0.000803292
  47 11.8813 1 0.000803292
  48 12.8813 1 0.000803292
  49 13.8813 1 0.000803292
  50 14.8813 1 0.000803292
  51 15.8813 0 0
  52 16.8813 2 0.00160658
  53 17.8813 0 0
  54 18.8813 0 0
  55 19.8813 1 0.000803292
  56 20.8813 1 0.000803292
  57 21.8813 1 0.000803292
  58 22.8813 0 0
  59 23.8813 2 0.00160658
  60 24.8813 1 0.000803292
  61 25.8813 0 0
  62 26.8813 0 0
  63 27.8813 0 0
  64 28.8813 0 0
  65 29.8813 0 0
  66 30.8813 0 0
  67 31.8813 0 0
  68 32.8813 0 0
  69 33.8813 0 0
  70 34.8813 0 0
