# Chunk-averaged data for fix DENSITYFIXwater and group file
# Timestep Number-of-chunks Total-count
# Chunk Coord1 Ncount density/number
2500000 70 2520
  1 -34.1187 0 0
  2 -33.1187 0 0
  3 -32.1187 0 0
  4 -31.1187 0 0
  5 -30.1187 0 0
  6 -29.1187 0 0
  7 -28.1187 26.4 0.0212069
  8 -27.1187 85.6 0.0687618
  9 -26.1187 25.4 0.0204036
  10 -25.1187 40.6 0.0326136
  11 -24.1187 49.8 0.0400039
  12 -23.1187 36 0.0289185
  13 -22.1187 45.6 0.0366301
  14 -21.1187 48.6 0.03904
  15 -20.1187 33.8 0.0271513
  16 -19.1187 47.4 0.038076
  17 -18.1187 43.8 0.0351842
  18 -17.1187 43 0.0345415
  19 -16.1187 45.4 0.0364694
  20 -15.1187 39.2 0.031489
  21 -14.1187 50 0.0401646
  22 -13.1187 38.8 0.0311677
  23 -12.1187 39.6 0.0318104
  24 -11.1187 47.8 0.0383974
  25 -10.1187 41.2 0.0330956
  26 -9.11872 44 0.0353448
  27 -8.11872 47.8 0.0383974
  28 -7.11872 41.6 0.0334169
  29 -6.11872 48 0.038558
  30 -5.11872 35.6 0.0285972
  31 -4.11872 47.4 0.038076
  32 -3.11872 47.6 0.0382367
  33 -2.11872 41.8 0.0335776
  34 -1.11872 44.8 0.0359875
  35 -0.118716 49.2 0.039522
  36 0.881284 43 0.0345415
  37 1.88128 43.4 0.0348629
  38 2.88128 49.4 0.0396826
  39 3.88128 41.2 0.0330956
  40 4.88128 36.2 0.0290792
  41 5.88128 47.2 0.0379154
  42 6.88128 38.8 0.0311677
  43 7.88128 53 0.0425745
  44 8.88128 37.4 0.0300431
  45 9.88128 41.4 0.0332563
  46 10.8813 42.8 0.0343809
  47 11.8813 50.8 0.0408072
  48 12.8813 30.6 0.0245807
  49 13.8813 54 0.0433778
  50 14.8813 40.8 0.0327743
  51 15.8813 42.4 0.0340596
  52 16.8813 35.2 0.0282759
  53 17.8813 50.4 0.0404859
  54 18.8813 47.6 0.0382367
  55 19.8813 37.4 0.0300431
  56 20.8813 48.6 0.03904
  57 21.8813 43.6 0.0350235
  58 22.8813 36 0.0289185
  59 23.8813 48.4 0.0388793
  60 24.8813 59.2 0.0475549
  61 25.8813 15.8 0.012692
  62 26.8813 60.2 0.0483582
  63 27.8813 69.4 0.0557485
  64 28.8813 0 0
  65 29.8813 0 0
  66 30.8813 0 0
  67 31.8813 0 0
  68 32.8813 0 0
  69 33.8813 0 0
  70 34.8813 0 0
3000000 70 2520
  1 -34.1187 0 0
  2 -33.1187 0 0
  3 -32.1187 0 0
  4 -31.1187 0 0
  5 -30.1187 0 0
  6 -29.1187 0 0
  7 -28.1187 28.6 0.0229741
  8 -27.1187 87.4 0.0702077
  9 -26.1187 22 0.0176724
  10 -25.1187 42.8 0.0343809
  11 -24.1187 43.8 0.0351842
  12 -23.1187 51.2 0.0411285
  13 -22.1187 37.2 0.0298825
  14 -21.1187 54 0.0433778
  15 -20.1187 35 0.0281152
  16 -19.1187 50.4 0.0404859
  17 -18.1187 41 0.032935
  18 -17.1187 46.2 0.0371121
  19 -16.1187 46.4 0.0372727
  20 -15.1187 47 0.0377547
  21 -14.1187 42.8 0.0343809
  22 -13.1187 41.8 0.0335776
  23 -12.1187 43.2 0.0347022
  24 -11.1187 46.6 0.0374334
  25 -10.1187 39.2 0.031489
  26 -9.11872 52.4 0.0420925
  27 -8.11872 40.2 0.0322923
  28 -7.11872 44.8 0.0359875
  29 -6.11872 41.8 0.0335776
  30 -5.11872 49.6 0.0398433
  31 -4.11872 38 0.0305251
  32 -3.11872 53.4 0.0428958
  33 -2.11872 30.8 0.0247414
  34 -1.11872 47.8 0.0383974
  35 -0.118716 45.6 0.0366301
  36 0.881284 36.6 0.0294005
  37 1.88128 53 0.0425745
  38 2.88128 35.2 0.0282759
  39 3.88128 45 0.0361481
  40 4.88128 41.2 0.0330956
  41 5.88128 47.8 0.0383974
  42 6.88128 47.4 0.038076
  43 7.88128 41.2 0.0330956
  44 8.88128 37.4 0.0300431
  45 9.88128 49.6 0.0398433
  46 10.8813 41.6 0.0334169
  47 11.8813 46.6 0.0374334
  48 12.8813 35.8 0.0287578
  49 13.8813 50.2 0.0403253
  50 14.8813 35.8 0.0287578
  51 15.8813 47.4 0.038076
  52 16.8813 39.4 0.0316497
  53 17.8813 45.2 0.0363088
  54 18.8813 41 0.032935
  55 19.8813 42 0.0337383
  56 20.8813 47.8 0.0383974
  57 21.8813 47.6 0.0382367
  58 22.8813 27.4 0.0220102
  59 23.8813 45.8 0.0367908
  60 24.8813 55.4 0.0445024
  61 25.8813 18.4 0.0147806
  62 26.8813 64.2 0.0515713
  63 27.8813 63 0.0506074
  64 28.8813 0 0
  65 29.8813 0 0
  66 30.8813 0 0
  67 31.8813 0 0
  68 32.8813 0 0
  69 33.8813 0 0
  70 34.8813 0 0
3500000 70 2520
  1 -34.1187 0 0
  2 -33.1187 0 0
  3 -32.1187 0 0
  4 -31.1187 0 0
  5 -30.1187 0 0
  6 -29.1187 0 0
  7 -28.1187 29.6 0.0237774
  8 -27.1187 90.2 0.0724569
  9 -26.1187 17.4 0.0139773
  10 -25.1187 49.8 0.0400039
  11 -24.1187 46.8 0.0375941
  12 -23.1187 40.2 0.0322923
  13 -22.1187 47 0.0377547
  14 -21.1187 40.8 0.0327743
  15 -20.1187 44.4 0.0356662
  16 -19.1187 45.4 0.0364694
  17 -18.1187 45 0.0361481
  18 -17.1187 42.6 0.0342202
  19 -16.1187 42.6 0.0342202
  20 -15.1187 45.2 0.0363088
  21 -14.1187 41.4 0.0332563
  22 -13.1187 46.4 0.0372727
  23 -12.1187 42.4 0.0340596
  24 -11.1187 38.6 0.0310071
  25 -10.1187 48 0.038558
  26 -9.11872 40 0.0321317
  27 -8.11872 46.2 0.0371121
  28 -7.11872 43.4 0.0348629
  29 -6.11872 45.8 0.0367908
  30 -5.11872 38 0.0305251
  31 -4.11872 42.6 0.0342202
  32 -3.11872 42.2 0.0338989
  33 -2.11872 44 0.0353448
  34 -1.11872 44.6 0.0358268
  35 -0.118716 46.6 0.0374334
  36 0.881284 38.8 0.0311677
  37 1.88128 41.8 0.0335776
  38 2.88128 44.6 0.0358268
  39 3.88128 45 0.0361481
  40 4.88128 34.4 0.0276332
  41 5.88128 51.8 0.0416105
  42 6.88128 41.2 0.0330956
  43 7.88128 43.2 0.0347022
  44 8.88128 47.6 0.0382367
  45 9.88128 36.2 0.0290792
  46 10.8813 43.2 0.0347022
  47 11.8813 54.2 0.0435384
  48 12.8813 34.2 0.0274726
  49 13.8813 47.6 0.0382367
  50 14.8813 43.8 0.0351842
  51 15.8813 45.4 0.0364694
  52 16.8813 40.6 0.0326136
  53 17.8813 41.6 0.0334169
  54 18.8813 53.8 0.0432171
  55 19.8813 39 0.0313284
  56 20.8813 40.6 0.0326136
  57 21.8813 45 0.0361481
  58 22.8813 38.8 0.0311677
  59 23.8813 54.6 0.0438597
  60 24.8813 49 0.0393613
  61 25.8813 22 0.0176724
  62 26.8813 59.6 0.0478762
  63 27.8813 65.2 0.0523746
  64 28.8813 0 0
  65 29.8813 0 0
  66 30.8813 0 0
  67 31.8813 0 0
  68 32.8813 0 0
  69 33.8813 0 0
  70 34.8813 0 0
4000000 70 2520
  1 -34.1187 0 0
  2 -33.1187 0 0
  3 -32.1187 0 0
  4 -31.1187 0 0
  5 -30.1187 0 0
  6 -29.1187 0 0
  7 -28.1187 39.8 0.031971
  8 -27.1187 78.8 0.0632994
  9 -26.1187 20.4 0.0163872
  10 -25.1187 48 0.038558
  11 -24.1187 51 0.0409679
  12 -23.1187 39.2 0.031489
  13 -22.1187 37.6 0.0302038
  14 -21.1187 53 0.0425745
  15 -20.1187 32.8 0.026348
  16 -19.1187 47.4 0.038076
  17 -18.1187 45 0.0361481
  18 -17.1187 39.4 0.0316497
  19 -16.1187 44.8 0.0359875
  20 -15.1187 50.8 0.0408072
  21 -14.1187 40.8 0.0327743
  22 -13.1187 42.2 0.0338989
  23 -12.1187 45.6 0.0366301
  24 -11.1187 34.4 0.0276332
  25 -10.1187 45.8 0.0367908
  26 -9.11872 46.4 0.0372727
  27 -8.11872 40.2 0.0322923
  28 -7.11872 44.6 0.0358268
  29 -6.11872 47.6 0.0382367
  30 -5.11872 40.6 0.0326136
  31 -4.11872 43.8 0.0351842
  32 -3.11872 45.4 0.0364694
  33 -2.11872 39.2 0.031489
  34 -1.11872 44.6 0.0358268
  35 -0.118716 42.2 0.0338989
  36 0.881284 39.8 0.031971
  37 1.88128 47.8 0.0383974
  38 2.88128 40.6 0.0326136
  39 3.88128 45.8 0.0367908
  40 4.88128 42.8 0.0343809
  41 5.88128 46.6 0.0374334
  42 6.88128 39 0.0313284
  43 7.88128 51.2 0.0411285
  44 8.88128 43 0.0345415
  45 9.88128 44.8 0.0359875
  46 10.8813 44 0.0353448
  47 11.8813 48.2 0.0387187
  48 12.8813 40.4 0.032453
  49 13.8813 44.2 0.0355055
  50 14.8813 35.6 0.0285972
  51 15.8813 48 0.038558
  52 16.8813 39.8 0.031971
  53 17.8813 40.8 0.0327743
  54 18.8813 46.4 0.0372727
  55 19.8813 42.2 0.0338989
  56 20.8813 47.4 0.038076
  57 21.8813 48.6 0.03904
  58 22.8813 33.6 0.0269906
  59 23.8813 48.4 0.0388793
  60 24.8813 46.6 0.0374334
  61 25.8813 28.2 0.0226528
  62 26.8813 70.8 0.0568731
  63 27.8813 54 0.0433778
  64 28.8813 0 0
  65 29.8813 0 0
  66 30.8813 0 0
  67 31.8813 0 0
  68 32.8813 0 0
  69 33.8813 0 0
  70 34.8813 0 0
4500000 70 2520
  1 -34.1187 0 0
  2 -33.1187 0 0
  3 -32.1187 0 0
  4 -31.1187 0 0
  5 -30.1187 0 0
  6 -29.1187 0 0
  7 -28.1187 25.8 0.0207249
  8 -27.1187 88.4 0.071011
  9 -26.1187 25.2 0.020243
  10 -25.1187 41.8 0.0335776
  11 -24.1187 50.6 0.0406466
  12 -23.1187 44.2 0.0355055
  13 -22.1187 41.4 0.0332563
  14 -21.1187 44.8 0.0359875
  15 -20.1187 39.8 0.031971
  16 -19.1187 43.2 0.0347022
  17 -18.1187 45 0.0361481
  18 -17.1187 34.4 0.0276332
  19 -16.1187 43.6 0.0350235
  20 -15.1187 47.6 0.0382367
  21 -14.1187 46.2 0.0371121
  22 -13.1187 41 0.032935
  23 -12.1187 47.4 0.038076
  24 -11.1187 39.6 0.0318104
  25 -10.1187 40 0.0321317
  26 -9.11872 49 0.0393613
  27 -8.11872 46 0.0369514
  28 -7.11872 41 0.032935
  29 -6.11872 48.8 0.0392006
  30 -5.11872 37.2 0.0298825
  31 -4.11872 46 0.0369514
  32 -3.11872 41 0.032935
  33 -2.11872 40.8 0.0327743
  34 -1.11872 48.2 0.0387187
  35 -0.118716 42.8 0.0343809
  36 0.881284 46.6 0.0374334
  37 1.88128 42.8 0.0343809
  38 2.88128 42.4 0.0340596
  39 3.88128 44.4 0.0356662
  40 4.88128 43 0.0345415
  41 5.88128 41.2 0.0330956
  42 6.88128 42.6 0.0342202
  43 7.88128 47.4 0.038076
  44 8.88128 45.4 0.0364694
  45 9.88128 47.2 0.0379154
  46 10.8813 38.2 0.0306857
  47 11.8813 46.4 0.0372727
  48 12.8813 34.6 0.0277939
  49 13.8813 42.4 0.0340596
  50 14.8813 56.6 0.0454663
  51 15.8813 35 0.0281152
  52 16.8813 43.2 0.0347022
  53 17.8813 49.8 0.0400039
  54 18.8813 39.6 0.0318104
  55 19.8813 42.2 0.0338989
  56 20.8813 42.4 0.0340596
  57 21.8813 49.4 0.0396826
  58 22.8813 36.2 0.0290792
  59 23.8813 48 0.038558
  60 24.8813 49.2 0.039522
  61 25.8813 22.8 0.0183151
  62 26.8813 61.2 0.0491615
  63 27.8813 69 0.0554271
  64 28.8813 0 0
  65 29.8813 0 0
  66 30.8813 0 0
  67 31.8813 0 0
  68 32.8813 0 0
  69 33.8813 0 0
  70 34.8813 0 0
