# Chunk-averaged data for fix DENSITYFIXwater and group file
# Timestep Number-of-chunks Total-count
# Chunk Coord1 Ncount density/number
2500000 70 2520
  1 -34.1187 0 0
  2 -33.1187 0 0
  3 -32.1187 0 0
  4 -31.1187 0 0
  5 -30.1187 0 0
  6 -29.1187 0 0
  7 -28.1187 36.4 0.0292398
  8 -27.1187 78.8 0.0632994
  9 -26.1187 26.8 0.0215282
  10 -25.1187 42.4 0.0340596
  11 -24.1187 57 0.0457876
  12 -23.1187 38.4 0.0308464
  13 -22.1187 49.2 0.039522
  14 -21.1187 42.2 0.0338989
  15 -20.1187 39 0.0313284
  16 -19.1187 54.8 0.0440204
  17 -18.1187 32 0.0257053
  18 -17.1187 44.4 0.0356662
  19 -16.1187 48.6 0.03904
  20 -15.1187 43.2 0.0347022
  21 -14.1187 42.6 0.0342202
  22 -13.1187 47.2 0.0379154
  23 -12.1187 43.4 0.0348629
  24 -11.1187 37.6 0.0302038
  25 -10.1187 53 0.0425745
  26 -9.11872 42.2 0.0338989
  27 -8.11872 43.8 0.0351842
  28 -7.11872 49.2 0.039522
  29 -6.11872 32.4 0.0260267
  30 -5.11872 45 0.0361481
  31 -4.11872 51.2 0.0411285
  32 -3.11872 39 0.0313284
  33 -2.11872 44.6 0.0358268
  34 -1.11872 46.8 0.0375941
  35 -0.118716 35.8 0.0287578
  36 0.881284 39.8 0.031971
  37 1.88128 54.2 0.0435384
  38 2.88128 38.6 0.0310071
  39 3.88128 42.6 0.0342202
  40 4.88128 45.2 0.0363088
  41 5.88128 42 0.0337383
  42 6.88128 36.2 0.0290792
  43 7.88128 47.4 0.038076
  44 8.88128 49.2 0.039522
  45 9.88128 45.6 0.0366301
  46 10.8813 32.2 0.025866
  47 11.8813 51.6 0.0414499
  48 12.8813 43.4 0.0348629
  49 13.8813 39.4 0.0316497
  50 14.8813 44.2 0.0355055
  51 15.8813 41 0.032935
  52 16.8813 42.4 0.0340596
  53 17.8813 46.6 0.0374334
  54 18.8813 36.2 0.0290792
  55 19.8813 39.4 0.0316497
  56 20.8813 47.8 0.0383974
  57 21.8813 47 0.0377547
  58 22.8813 35.4 0.0284365
  59 23.8813 45.4 0.0364694
  60 24.8813 55.2 0.0443417
  61 25.8813 18.4 0.0147806
  62 26.8813 62.4 0.0501254
  63 27.8813 64.2 0.0515713
  64 28.8813 0 0
  65 29.8813 0 0
  66 30.8813 0 0
  67 31.8813 0 0
  68 32.8813 0 0
  69 33.8813 0 0
  70 34.8813 0 0
3000000 70 2520
  1 -34.1187 0 0
  2 -33.1187 0 0
  3 -32.1187 0 0
  4 -31.1187 0 0
  5 -30.1187 0 0
  6 -29.1187 0 0
  7 -28.1187 26 0.0208856
  8 -27.1187 91.2 0.0732602
  9 -26.1187 26.4 0.0212069
  10 -25.1187 34.8 0.0279546
  11 -24.1187 56.4 0.0453057
  12 -23.1187 32.2 0.025866
  13 -22.1187 41 0.032935
  14 -21.1187 50.2 0.0403253
  15 -20.1187 37.2 0.0298825
  16 -19.1187 45 0.0361481
  17 -18.1187 47 0.0377547
  18 -17.1187 39.4 0.0316497
  19 -16.1187 52.4 0.0420925
  20 -15.1187 34.6 0.0277939
  21 -14.1187 46.6 0.0374334
  22 -13.1187 44.8 0.0359875
  23 -12.1187 44.8 0.0359875
  24 -11.1187 42.8 0.0343809
  25 -10.1187 40.2 0.0322923
  26 -9.11872 47.2 0.0379154
  27 -8.11872 43.4 0.0348629
  28 -7.11872 39.6 0.0318104
  29 -6.11872 54.8 0.0440204
  30 -5.11872 39.4 0.0316497
  31 -4.11872 43 0.0345415
  32 -3.11872 47.8 0.0383974
  33 -2.11872 40.8 0.0327743
  34 -1.11872 41.6 0.0334169
  35 -0.118716 51 0.0409679
  36 0.881284 37.4 0.0300431
  37 1.88128 44 0.0353448
  38 2.88128 41.8 0.0335776
  39 3.88128 43.4 0.0348629
  40 4.88128 54.4 0.0436991
  41 5.88128 32.8 0.026348
  42 6.88128 47.4 0.038076
  43 7.88128 41 0.032935
  44 8.88128 44.6 0.0358268
  45 9.88128 42.4 0.0340596
  46 10.8813 43.6 0.0350235
  47 11.8813 44.8 0.0359875
  48 12.8813 44.6 0.0358268
  49 13.8813 39.2 0.031489
  50 14.8813 44.2 0.0355055
  51 15.8813 42.6 0.0342202
  52 16.8813 42.4 0.0340596
  53 17.8813 46.4 0.0372727
  54 18.8813 39.2 0.031489
  55 19.8813 49.8 0.0400039
  56 20.8813 37.8 0.0303644
  57 21.8813 47.2 0.0379154
  58 22.8813 39.6 0.0318104
  59 23.8813 54 0.0433778
  60 24.8813 44.8 0.0359875
  61 25.8813 21 0.0168691
  62 26.8813 57.6 0.0462696
  63 27.8813 70.4 0.0565517
  64 28.8813 0 0
  65 29.8813 0 0
  66 30.8813 0 0
  67 31.8813 0 0
  68 32.8813 0 0
  69 33.8813 0 0
  70 34.8813 0 0
3500000 70 2520
  1 -34.1187 0 0
  2 -33.1187 0 0
  3 -32.1187 0 0
  4 -31.1187 0 0
  5 -30.1187 0 0
  6 -29.1187 0 0
  7 -28.1187 25.6 0.0205643
  8 -27.1187 96.2 0.0772767
  9 -26.1187 19.2 0.0154232
  10 -25.1187 46 0.0369514
  11 -24.1187 48 0.038558
  12 -23.1187 41.2 0.0330956
  13 -22.1187 38.2 0.0306857
  14 -21.1187 54.6 0.0438597
  15 -20.1187 41 0.032935
  16 -19.1187 38 0.0305251
  17 -18.1187 52 0.0417712
  18 -17.1187 43.8 0.0351842
  19 -16.1187 36.2 0.0290792
  20 -15.1187 49.2 0.039522
  21 -14.1187 43.8 0.0351842
  22 -13.1187 39.6 0.0318104
  23 -12.1187 46.2 0.0371121
  24 -11.1187 42.4 0.0340596
  25 -10.1187 41.8 0.0335776
  26 -9.11872 47 0.0377547
  27 -8.11872 40 0.0321317
  28 -7.11872 42.8 0.0343809
  29 -6.11872 44.6 0.0358268
  30 -5.11872 32.6 0.0261873
  31 -4.11872 53.6 0.0430564
  32 -3.11872 36 0.0289185
  33 -2.11872 42.8 0.0343809
  34 -1.11872 43 0.0345415
  35 -0.118716 46.8 0.0375941
  36 0.881284 38.4 0.0308464
  37 1.88128 38.2 0.0306857
  38 2.88128 50.6 0.0406466
  39 3.88128 41.4 0.0332563
  40 4.88128 50 0.0401646
  41 5.88128 36 0.0289185
  42 6.88128 48.4 0.0388793
  43 7.88128 38.4 0.0308464
  44 8.88128 41.8 0.0335776
  45 9.88128 55.8 0.0448237
  46 10.8813 40.2 0.0322923
  47 11.8813 32.2 0.025866
  48 12.8813 53.6 0.0430564
  49 13.8813 42.4 0.0340596
  50 14.8813 44.4 0.0356662
  51 15.8813 39.8 0.031971
  52 16.8813 45 0.0361481
  53 17.8813 45 0.0361481
  54 18.8813 39.2 0.031489
  55 19.8813 44.2 0.0355055
  56 20.8813 53.8 0.0432171
  57 21.8813 34.8 0.0279546
  58 22.8813 42 0.0337383
  59 23.8813 48.2 0.0387187
  60 24.8813 52 0.0417712
  61 25.8813 19.4 0.0155839
  62 26.8813 67 0.0538206
  63 27.8813 65.6 0.0526959
  64 28.8813 0 0
  65 29.8813 0 0
  66 30.8813 0 0
  67 31.8813 0 0
  68 32.8813 0 0
  69 33.8813 0 0
  70 34.8813 0 0
4000000 70 2520
  1 -34.1187 0 0
  2 -33.1187 0 0
  3 -32.1187 0 0
  4 -31.1187 0 0
  5 -30.1187 0 0
  6 -29.1187 0 0
  7 -28.1187 38.2 0.0306857
  8 -27.1187 80.2 0.064424
  9 -26.1187 18 0.0144593
  10 -25.1187 54.4 0.0436991
  11 -24.1187 44.4 0.0356662
  12 -23.1187 36.4 0.0292398
  13 -22.1187 40.6 0.0326136
  14 -21.1187 52.6 0.0422532
  15 -20.1187 40.6 0.0326136
  16 -19.1187 42.2 0.0338989
  17 -18.1187 43.6 0.0350235
  18 -17.1187 49 0.0393613
  19 -16.1187 31.4 0.0252234
  20 -15.1187 51.2 0.0411285
  21 -14.1187 41.2 0.0330956
  22 -13.1187 46 0.0369514
  23 -12.1187 39.8 0.031971
  24 -11.1187 40.2 0.0322923
  25 -10.1187 48.8 0.0392006
  26 -9.11872 45.4 0.0364694
  27 -8.11872 29.8 0.0239381
  28 -7.11872 53.4 0.0428958
  29 -6.11872 37.2 0.0298825
  30 -5.11872 50.4 0.0404859
  31 -4.11872 48 0.038558
  32 -3.11872 40.2 0.0322923
  33 -2.11872 46.4 0.0372727
  34 -1.11872 36.2 0.0290792
  35 -0.118716 39.6 0.0318104
  36 0.881284 50.6 0.0406466
  37 1.88128 36.6 0.0294005
  38 2.88128 47.2 0.0379154
  39 3.88128 44.4 0.0356662
  40 4.88128 36.8 0.0295611
  41 5.88128 54.2 0.0435384
  42 6.88128 34 0.0273119
  43 7.88128 47.4 0.038076
  44 8.88128 39.8 0.031971
  45 9.88128 45.4 0.0364694
  46 10.8813 45.2 0.0363088
  47 11.8813 40.4 0.032453
  48 12.8813 43.6 0.0350235
  49 13.8813 47.4 0.038076
  50 14.8813 40.2 0.0322923
  51 15.8813 47.4 0.038076
  52 16.8813 43.8 0.0351842
  53 17.8813 42.6 0.0342202
  54 18.8813 38.6 0.0310071
  55 19.8813 52 0.0417712
  56 20.8813 44.6 0.0358268
  57 21.8813 44.8 0.0359875
  58 22.8813 44.6 0.0358268
  59 23.8813 38.6 0.0310071
  60 24.8813 56.2 0.045145
  61 25.8813 17.4 0.0139773
  62 26.8813 67 0.0538206
  63 27.8813 63.8 0.05125
  64 28.8813 0 0
  65 29.8813 0 0
  66 30.8813 0 0
  67 31.8813 0 0
  68 32.8813 0 0
  69 33.8813 0 0
  70 34.8813 0 0
4500000 70 2520
  1 -34.1187 0 0
  2 -33.1187 0 0
  3 -32.1187 0 0
  4 -31.1187 0 0
  5 -30.1187 0 0
  6 -29.1187 0 0
  7 -28.1187 25.2 0.020243
  8 -27.1187 98.2 0.0788833
  9 -26.1187 21.8 0.0175118
  10 -25.1187 43.6 0.0350235
  11 -24.1187 52.4 0.0420925
  12 -23.1187 33.6 0.0269906
  13 -22.1187 42.8 0.0343809
  14 -21.1187 36.8 0.0295611
  15 -20.1187 48.6 0.03904
  16 -19.1187 38.2 0.0306857
  17 -18.1187 43.6 0.0350235
  18 -17.1187 48.4 0.0388793
  19 -16.1187 43.8 0.0351842
  20 -15.1187 45 0.0361481
  21 -14.1187 41.2 0.0330956
  22 -13.1187 49.6 0.0398433
  23 -12.1187 36 0.0289185
  24 -11.1187 46.4 0.0372727
  25 -10.1187 46.8 0.0375941
  26 -9.11872 37.4 0.0300431
  27 -8.11872 46.8 0.0375941
  28 -7.11872 41.8 0.0335776
  29 -6.11872 39 0.0313284
  30 -5.11872 44.2 0.0355055
  31 -4.11872 46.8 0.0375941
  32 -3.11872 39.8 0.031971
  33 -2.11872 48.2 0.0387187
  34 -1.11872 42.6 0.0342202
  35 -0.118716 42.4 0.0340596
  36 0.881284 46.4 0.0372727
  37 1.88128 49.6 0.0398433
  38 2.88128 38.4 0.0308464
  39 3.88128 40.4 0.032453
  40 4.88128 45.2 0.0363088
  41 5.88128 40.2 0.0322923
  42 6.88128 45.6 0.0366301
  43 7.88128 47 0.0377547
  44 8.88128 41.8 0.0335776
  45 9.88128 39.8 0.031971
  46 10.8813 51 0.0409679
  47 11.8813 35.4 0.0284365
  48 12.8813 47.4 0.038076
  49 13.8813 37.4 0.0300431
  50 14.8813 41.4 0.0332563
  51 15.8813 55.4 0.0445024
  52 16.8813 35.4 0.0284365
  53 17.8813 41.2 0.0330956
  54 18.8813 42.4 0.0340596
  55 19.8813 51.4 0.0412892
  56 20.8813 37.8 0.0303644
  57 21.8813 45.4 0.0364694
  58 22.8813 46 0.0369514
  59 23.8813 43.2 0.0347022
  60 24.8813 53.6 0.0430564
  61 25.8813 23 0.0184757
  62 26.8813 56.4 0.0453057
  63 27.8813 70.8 0.0568731
  64 28.8813 0 0
  65 29.8813 0 0
  66 30.8813 0 0
  67 31.8813 0 0
  68 32.8813 0 0
  69 33.8813 0 0
  70 34.8813 0 0
