# Chunk-averaged data for fix DENSITYFIXwater and group file
# Timestep Number-of-chunks Total-count
# Chunk Coord1 Ncount density/number
2500000 70 2520
  1 -34.1187 0 0
  2 -33.1187 0 0
  3 -32.1187 0 0
  4 -31.1187 0 0
  5 -30.1187 0 0
  6 -29.1187 0 0
  7 -28.1187 29 0.0232955
  8 -27.1187 86 0.0690831
  9 -26.1187 27 0.0216889
  10 -25.1187 45.8 0.0367908
  11 -24.1187 51.4 0.0412892
  12 -23.1187 36.8 0.0295611
  13 -22.1187 46 0.0369514
  14 -21.1187 45.2 0.0363088
  15 -20.1187 42.8 0.0343809
  16 -19.1187 39.6 0.0318104
  17 -18.1187 51.2 0.0411285
  18 -17.1187 37.2 0.0298825
  19 -16.1187 50.8 0.0408072
  20 -15.1187 39.2 0.031489
  21 -14.1187 41.2 0.0330956
  22 -13.1187 53.8 0.0432171
  23 -12.1187 40.4 0.032453
  24 -11.1187 40.4 0.032453
  25 -10.1187 41.2 0.0330956
  26 -9.11872 48.8 0.0392006
  27 -8.11872 44.2 0.0355055
  28 -7.11872 40.4 0.032453
  29 -6.11872 42.4 0.0340596
  30 -5.11872 39.6 0.0318104
  31 -4.11872 50 0.0401646
  32 -3.11872 38.8 0.0311677
  33 -2.11872 43.2 0.0347022
  34 -1.11872 42.6 0.0342202
  35 -0.118716 43 0.0345415
  36 0.881284 48.4 0.0388793
  37 1.88128 44.2 0.0355055
  38 2.88128 39.2 0.031489
  39 3.88128 43.6 0.0350235
  40 4.88128 43.4 0.0348629
  41 5.88128 42.4 0.0340596
  42 6.88128 44 0.0353448
  43 7.88128 44.6 0.0358268
  44 8.88128 43.2 0.0347022
  45 9.88128 48 0.038558
  46 10.8813 34 0.0273119
  47 11.8813 43.4 0.0348629
  48 12.8813 49.6 0.0398433
  49 13.8813 36.6 0.0294005
  50 14.8813 53 0.0425745
  51 15.8813 33.2 0.0266693
  52 16.8813 46.8 0.0375941
  53 17.8813 45.6 0.0366301
  54 18.8813 34.8 0.0279546
  55 19.8813 52.8 0.0424138
  56 20.8813 34.4 0.0276332
  57 21.8813 47.2 0.0379154
  58 22.8813 37.2 0.0298825
  59 23.8813 45.6 0.0366301
  60 24.8813 58.8 0.0472336
  61 25.8813 16.8 0.0134953
  62 26.8813 70.6 0.0567124
  63 27.8813 60.6 0.0486795
  64 28.8813 0 0
  65 29.8813 0 0
  66 30.8813 0 0
  67 31.8813 0 0
  68 32.8813 0 0
  69 33.8813 0 0
  70 34.8813 0 0
3000000 70 2520
  1 -34.1187 0 0
  2 -33.1187 0 0
  3 -32.1187 0 0
  4 -31.1187 0 0
  5 -30.1187 0 0
  6 -29.1187 0 0
  7 -28.1187 33.2 0.0266693
  8 -27.1187 84.8 0.0681191
  9 -26.1187 20.4 0.0163872
  10 -25.1187 39.8 0.031971
  11 -24.1187 53 0.0425745
  12 -23.1187 44.8 0.0359875
  13 -22.1187 38 0.0305251
  14 -21.1187 40 0.0321317
  15 -20.1187 56.6 0.0454663
  16 -19.1187 34.4 0.0276332
  17 -18.1187 49 0.0393613
  18 -17.1187 39.8 0.031971
  19 -16.1187 46.6 0.0374334
  20 -15.1187 40.6 0.0326136
  21 -14.1187 39.4 0.0316497
  22 -13.1187 44.8 0.0359875
  23 -12.1187 42.2 0.0338989
  24 -11.1187 43.4 0.0348629
  25 -10.1187 43.2 0.0347022
  26 -9.11872 46.6 0.0374334
  27 -8.11872 37 0.0297218
  28 -7.11872 46.8 0.0375941
  29 -6.11872 39.4 0.0316497
  30 -5.11872 43.2 0.0347022
  31 -4.11872 40.2 0.0322923
  32 -3.11872 40.6 0.0326136
  33 -2.11872 50 0.0401646
  34 -1.11872 48.4 0.0388793
  35 -0.118716 41 0.032935
  36 0.881284 36.6 0.0294005
  37 1.88128 49 0.0393613
  38 2.88128 48.6 0.03904
  39 3.88128 33.8 0.0271513
  40 4.88128 46.8 0.0375941
  41 5.88128 48.4 0.0388793
  42 6.88128 41.6 0.0334169
  43 7.88128 47.2 0.0379154
  44 8.88128 44.8 0.0359875
  45 9.88128 39.8 0.031971
  46 10.8813 42.8 0.0343809
  47 11.8813 46.4 0.0372727
  48 12.8813 42.2 0.0338989
  49 13.8813 47.8 0.0383974
  50 14.8813 32.4 0.0260267
  51 15.8813 51 0.0409679
  52 16.8813 46.6 0.0374334
  53 17.8813 36 0.0289185
  54 18.8813 46 0.0369514
  55 19.8813 50 0.0401646
  56 20.8813 41 0.032935
  57 21.8813 45 0.0361481
  58 22.8813 38.8 0.0311677
  59 23.8813 44 0.0353448
  60 24.8813 56.8 0.045627
  61 25.8813 17.4 0.0139773
  62 26.8813 53.4 0.0428958
  63 27.8813 78.6 0.0631387
  64 28.8813 0 0
  65 29.8813 0 0
  66 30.8813 0 0
  67 31.8813 0 0
  68 32.8813 0 0
  69 33.8813 0 0
  70 34.8813 0 0
3500000 70 2520
  1 -34.1187 0 0
  2 -33.1187 0 0
  3 -32.1187 0 0
  4 -31.1187 0 0
  5 -30.1187 0 0
  6 -29.1187 0 0
  7 -28.1187 30.4 0.0244201
  8 -27.1187 94.2 0.0756701
  9 -26.1187 17.4 0.0139773
  10 -25.1187 40.2 0.0322923
  11 -24.1187 55.8 0.0448237
  12 -23.1187 37.2 0.0298825
  13 -22.1187 40.8 0.0327743
  14 -21.1187 52.6 0.0422532
  15 -20.1187 38.8 0.0311677
  16 -19.1187 43 0.0345415
  17 -18.1187 38.4 0.0308464
  18 -17.1187 49.8 0.0400039
  19 -16.1187 42.2 0.0338989
  20 -15.1187 40.2 0.0322923
  21 -14.1187 47.2 0.0379154
  22 -13.1187 38.8 0.0311677
  23 -12.1187 49.2 0.039522
  24 -11.1187 34.2 0.0274726
  25 -10.1187 49.8 0.0400039
  26 -9.11872 46.8 0.0375941
  27 -8.11872 44.6 0.0358268
  28 -7.11872 39 0.0313284
  29 -6.11872 40.8 0.0327743
  30 -5.11872 51.6 0.0414499
  31 -4.11872 38.8 0.0311677
  32 -3.11872 48.4 0.0388793
  33 -2.11872 44 0.0353448
  34 -1.11872 33.2 0.0266693
  35 -0.118716 56.6 0.0454663
  36 0.881284 38.2 0.0306857
  37 1.88128 46.8 0.0375941
  38 2.88128 41 0.032935
  39 3.88128 45.4 0.0364694
  40 4.88128 41.2 0.0330956
  41 5.88128 44.6 0.0358268
  42 6.88128 41.4 0.0332563
  43 7.88128 38 0.0305251
  44 8.88128 47.8 0.0383974
  45 9.88128 43.2 0.0347022
  46 10.8813 46.2 0.0371121
  47 11.8813 37.2 0.0298825
  48 12.8813 45.2 0.0363088
  49 13.8813 44.8 0.0359875
  50 14.8813 38.6 0.0310071
  51 15.8813 47.4 0.038076
  52 16.8813 36.2 0.0290792
  53 17.8813 50.8 0.0408072
  54 18.8813 40 0.0321317
  55 19.8813 41 0.032935
  56 20.8813 46.8 0.0375941
  57 21.8813 47.8 0.0383974
  58 22.8813 34.8 0.0279546
  59 23.8813 50.2 0.0403253
  60 24.8813 55.4 0.0445024
  61 25.8813 16 0.0128527
  62 26.8813 53.4 0.0428958
  63 27.8813 76.6 0.0615322
  64 28.8813 0 0
  65 29.8813 0 0
  66 30.8813 0 0
  67 31.8813 0 0
  68 32.8813 0 0
  69 33.8813 0 0
  70 34.8813 0 0
4000000 70 2520
  1 -34.1187 0 0
  2 -33.1187 0 0
  3 -32.1187 0 0
  4 -31.1187 0 0
  5 -30.1187 0 0
  6 -29.1187 0 0
  7 -28.1187 25 0.0200823
  8 -27.1187 92.6 0.0743848
  9 -26.1187 20.8 0.0167085
  10 -25.1187 47.6 0.0382367
  11 -24.1187 49 0.0393613
  12 -23.1187 35.8 0.0287578
  13 -22.1187 38.8 0.0311677
  14 -21.1187 48.4 0.0388793
  15 -20.1187 45 0.0361481
  16 -19.1187 45 0.0361481
  17 -18.1187 42.8 0.0343809
  18 -17.1187 45.2 0.0363088
  19 -16.1187 40 0.0321317
  20 -15.1187 52.8 0.0424138
  21 -14.1187 31.8 0.0255447
  22 -13.1187 50 0.0401646
  23 -12.1187 40 0.0321317
  24 -11.1187 41.6 0.0334169
  25 -10.1187 40.8 0.0327743
  26 -9.11872 42.4 0.0340596
  27 -8.11872 45.8 0.0367908
  28 -7.11872 39.4 0.0316497
  29 -6.11872 45 0.0361481
  30 -5.11872 45.6 0.0366301
  31 -4.11872 46.6 0.0374334
  32 -3.11872 39.2 0.031489
  33 -2.11872 40.2 0.0322923
  34 -1.11872 48.6 0.03904
  35 -0.118716 44.4 0.0356662
  36 0.881284 43.6 0.0350235
  37 1.88128 46.4 0.0372727
  38 2.88128 43.2 0.0347022
  39 3.88128 44.8 0.0359875
  40 4.88128 39.2 0.031489
  41 5.88128 46.4 0.0372727
  42 6.88128 44 0.0353448
  43 7.88128 42 0.0337383
  44 8.88128 45.4 0.0364694
  45 9.88128 42.6 0.0342202
  46 10.8813 38.8 0.0311677
  47 11.8813 47.6 0.0382367
  48 12.8813 43.8 0.0351842
  49 13.8813 38.2 0.0306857
  50 14.8813 40.4 0.032453
  51 15.8813 52.8 0.0424138
  52 16.8813 34.2 0.0274726
  53 17.8813 45.8 0.0367908
  54 18.8813 49 0.0393613
  55 19.8813 43.8 0.0351842
  56 20.8813 43.8 0.0351842
  57 21.8813 42.8 0.0343809
  58 22.8813 39.6 0.0318104
  59 23.8813 52.4 0.0420925
  60 24.8813 55 0.0441811
  61 25.8813 18.8 0.0151019
  62 26.8813 67 0.0538206
  63 27.8813 58.4 0.0469122
  64 28.8813 0 0
  65 29.8813 0 0
  66 30.8813 0 0
  67 31.8813 0 0
  68 32.8813 0 0
  69 33.8813 0 0
  70 34.8813 0 0
4500000 70 2520
  1 -34.1187 0 0
  2 -33.1187 0 0
  3 -32.1187 0 0
  4 -31.1187 0 0
  5 -30.1187 0 0
  6 -29.1187 0 0
  7 -28.1187 32 0.0257053
  8 -27.1187 91.8 0.0737422
  9 -26.1187 19.8 0.0159052
  10 -25.1187 46.2 0.0371121
  11 -24.1187 51.6 0.0414499
  12 -23.1187 39.2 0.031489
  13 -22.1187 41.2 0.0330956
  14 -21.1187 48.8 0.0392006
  15 -20.1187 39 0.0313284
  16 -19.1187 38.6 0.0310071
  17 -18.1187 45.6 0.0366301
  18 -17.1187 49.8 0.0400039
  19 -16.1187 41.4 0.0332563
  20 -15.1187 40 0.0321317
  21 -14.1187 41.2 0.0330956
  22 -13.1187 54 0.0433778
  23 -12.1187 35.4 0.0284365
  24 -11.1187 46.6 0.0374334
  25 -10.1187 44.8 0.0359875
  26 -9.11872 42.4 0.0340596
  27 -8.11872 40.8 0.0327743
  28 -7.11872 50.4 0.0404859
  29 -6.11872 37.4 0.0300431
  30 -5.11872 40 0.0321317
  31 -4.11872 45 0.0361481
  32 -3.11872 44 0.0353448
  33 -2.11872 42.4 0.0340596
  34 -1.11872 41.6 0.0334169
  35 -0.118716 53.2 0.0427351
  36 0.881284 32.2 0.025866
  37 1.88128 44.2 0.0355055
  38 2.88128 46.4 0.0372727
  39 3.88128 47.8 0.0383974
  40 4.88128 33.2 0.0266693
  41 5.88128 52.6 0.0422532
  42 6.88128 43.4 0.0348629
  43 7.88128 36.4 0.0292398
  44 8.88128 44.4 0.0356662
  45 9.88128 36 0.0289185
  46 10.8813 50.2 0.0403253
  47 11.8813 44.4 0.0356662
  48 12.8813 42.8 0.0343809
  49 13.8813 46 0.0369514
  50 14.8813 43.6 0.0350235
  51 15.8813 41.6 0.0334169
  52 16.8813 50 0.0401646
  53 17.8813 36 0.0289185
  54 18.8813 47.4 0.038076
  55 19.8813 43 0.0345415
  56 20.8813 38.4 0.0308464
  57 21.8813 52.8 0.0424138
  58 22.8813 38.4 0.0308464
  59 23.8813 46.8 0.0375941
  60 24.8813 50.2 0.0403253
  61 25.8813 18.6 0.0149412
  62 26.8813 65.8 0.0528566
  63 27.8813 63.2 0.050768
  64 28.8813 0 0
  65 29.8813 0 0
  66 30.8813 0 0
  67 31.8813 0 0
  68 32.8813 0 0
  69 33.8813 0 0
  70 34.8813 0 0
5000000 70 2520
  1 -34.1187 0 0
  2 -33.1187 0 0
  3 -32.1187 0 0
  4 -31.1187 0 0
  5 -30.1187 0 0
  6 -29.1187 0 0
  7 -28.1187 31.4 0.0252234
  8 -27.1187 88.6 0.0711717
  9 -26.1187 23 0.0184757
  10 -25.1187 47.4 0.038076
  11 -24.1187 50.4 0.0404859
  12 -23.1187 36.6 0.0294005
  13 -22.1187 43.4 0.0348629
  14 -21.1187 45.6 0.0366301
  15 -20.1187 41 0.032935
  16 -19.1187 45.6 0.0366301
  17 -18.1187 46.2 0.0371121
  18 -17.1187 39.8 0.031971
  19 -16.1187 43 0.0345415
  20 -15.1187 48 0.038558
  21 -14.1187 31.8 0.0255447
  22 -13.1187 51.4 0.0412892
  23 -12.1187 42.8 0.0343809
  24 -11.1187 41.2 0.0330956
  25 -10.1187 42.2 0.0338989
  26 -9.11872 52 0.0417712
  27 -8.11872 41 0.032935
  28 -7.11872 46.4 0.0372727
  29 -6.11872 41.2 0.0330956
  30 -5.11872 46 0.0369514
  31 -4.11872 46 0.0369514
  32 -3.11872 38.2 0.0306857
  33 -2.11872 44.8 0.0359875
  34 -1.11872 43.6 0.0350235
  35 -0.118716 44.4 0.0356662
  36 0.881284 36 0.0289185
  37 1.88128 45.2 0.0363088
  38 2.88128 39 0.0313284
  39 3.88128 53.4 0.0428958
  40 4.88128 36.4 0.0292398
  41 5.88128 40.2 0.0322923
  42 6.88128 47 0.0377547
  43 7.88128 39.2 0.031489
  44 8.88128 47 0.0377547
  45 9.88128 39.6 0.0318104
  46 10.8813 36.6 0.0294005
  47 11.8813 49 0.0393613
  48 12.8813 44.2 0.0355055
  49 13.8813 43.2 0.0347022
  50 14.8813 47.6 0.0382367
  51 15.8813 40 0.0321317
  52 16.8813 40.4 0.032453
  53 17.8813 46.6 0.0374334
  54 18.8813 47 0.0377547
  55 19.8813 39.6 0.0318104
  56 20.8813 40.2 0.0322923
  57 21.8813 43.8 0.0351842
  58 22.8813 48.8 0.0392006
  59 23.8813 40.4 0.032453
  60 24.8813 51.2 0.0411285
  61 25.8813 24.2 0.0194397
  62 26.8813 57.4 0.046109
  63 27.8813 73.8 0.0592829
  64 28.8813 0 0
  65 29.8813 0 0
  66 30.8813 0 0
  67 31.8813 0 0
  68 32.8813 0 0
  69 33.8813 0 0
  70 34.8813 0 0
