# Chunk-averaged data for fix DENSITYFIXwater and group file
# Timestep Number-of-chunks Total-count
# Chunk Coord1 Ncount density/number
5000000 70 2520
  1 -34.1187 0 0
  2 -33.1187 0 0
  3 -32.1187 0 0
  4 -31.1187 0 0
  5 -30.1187 0 0
  6 -29.1187 0 0
  7 -28.1187 29.8 0.0239381
  8 -27.1187 87.6 0.0703684
  9 -26.1187 26.6 0.0213676
  10 -25.1187 38.4 0.0308464
  11 -24.1187 51.6 0.0414499
  12 -23.1187 43.8 0.0351842
  13 -22.1187 44.8 0.0359875
  14 -21.1187 42.8 0.0343809
  15 -20.1187 40.6 0.0326136
  16 -19.1187 44 0.0353448
  17 -18.1187 43.4 0.0348629
  18 -17.1187 41.8 0.0335776
  19 -16.1187 49.4 0.0396826
  20 -15.1187 41.8 0.0335776
  21 -14.1187 45.8 0.0367908
  22 -13.1187 45.6 0.0366301
  23 -12.1187 39.2 0.031489
  24 -11.1187 36 0.0289185
  25 -10.1187 51.6 0.0414499
  26 -9.11872 43.6 0.0350235
  27 -8.11872 39.4 0.0316497
  28 -7.11872 55.8 0.0448237
  29 -6.11872 32.4 0.0260267
  30 -5.11872 46.2 0.0371121
  31 -4.11872 44 0.0353448
  32 -3.11872 43.4 0.0348629
  33 -2.11872 46.8 0.0375941
  34 -1.11872 42.8 0.0343809
  35 -0.118716 40.4 0.032453
  36 0.881284 50.8 0.0408072
  37 1.88128 33.8 0.0271513
  38 2.88128 45.8 0.0367908
  39 3.88128 44.2 0.0355055
  40 4.88128 38 0.0305251
  41 5.88128 44.4 0.0356662
  42 6.88128 45.2 0.0363088
  43 7.88128 40.8 0.0327743
  44 8.88128 46.8 0.0375941
  45 9.88128 35 0.0281152
  46 10.8813 50.6 0.0406466
  47 11.8813 39 0.0313284
  48 12.8813 48.6 0.03904
  49 13.8813 38.6 0.0310071
  50 14.8813 41.6 0.0334169
  51 15.8813 48.2 0.0387187
  52 16.8813 46.4 0.0372727
  53 17.8813 37.4 0.0300431
  54 18.8813 48.6 0.03904
  55 19.8813 44.6 0.0358268
  56 20.8813 34.4 0.0276332
  57 21.8813 48.6 0.03904
  58 22.8813 45.6 0.0366301
  59 23.8813 41 0.032935
  60 24.8813 53.2 0.0427351
  61 25.8813 20.2 0.0162265
  62 26.8813 58.2 0.0467516
  63 27.8813 71 0.0570337
  64 28.8813 0 0
  65 29.8813 0 0
  66 30.8813 0 0
  67 31.8813 0 0
  68 32.8813 0 0
  69 33.8813 0 0
  70 34.8813 0 0
5500000 70 2520
  1 -34.1187 0 0
  2 -33.1187 0 0
  3 -32.1187 0 0
  4 -31.1187 0 0
  5 -30.1187 0 0
  6 -29.1187 0 0
  7 -28.1187 35 0.0281152
  8 -27.1187 91 0.0730996
  9 -26.1187 18 0.0144593
  10 -25.1187 49.2 0.039522
  11 -24.1187 52.6 0.0422532
  12 -23.1187 33.2 0.0266693
  13 -22.1187 50.2 0.0403253
  14 -21.1187 40.6 0.0326136
  15 -20.1187 45.6 0.0366301
  16 -19.1187 36.6 0.0294005
  17 -18.1187 44.4 0.0356662
  18 -17.1187 48 0.038558
  19 -16.1187 42.6 0.0342202
  20 -15.1187 43.2 0.0347022
  21 -14.1187 43 0.0345415
  22 -13.1187 38.8 0.0311677
  23 -12.1187 51 0.0409679
  24 -11.1187 42 0.0337383
  25 -10.1187 39 0.0313284
  26 -9.11872 44.2 0.0355055
  27 -8.11872 35 0.0281152
  28 -7.11872 51.8 0.0416105
  29 -6.11872 37.6 0.0302038
  30 -5.11872 49.8 0.0400039
  31 -4.11872 38.4 0.0308464
  32 -3.11872 43 0.0345415
  33 -2.11872 48 0.038558
  34 -1.11872 39.8 0.031971
  35 -0.118716 40.4 0.032453
  36 0.881284 51 0.0409679
  37 1.88128 35.6 0.0285972
  38 2.88128 44.4 0.0356662
  39 3.88128 46 0.0369514
  40 4.88128 42.4 0.0340596
  41 5.88128 47 0.0377547
  42 6.88128 47.2 0.0379154
  43 7.88128 42.4 0.0340596
  44 8.88128 42 0.0337383
  45 9.88128 44 0.0353448
  46 10.8813 46 0.0369514
  47 11.8813 36.2 0.0290792
  48 12.8813 49 0.0393613
  49 13.8813 48 0.038558
  50 14.8813 40.8 0.0327743
  51 15.8813 42.2 0.0338989
  52 16.8813 48.8 0.0392006
  53 17.8813 39 0.0313284
  54 18.8813 40.4 0.032453
  55 19.8813 46.2 0.0371121
  56 20.8813 43.4 0.0348629
  57 21.8813 46.4 0.0372727
  58 22.8813 26.6 0.0213676
  59 23.8813 47.6 0.0382367
  60 24.8813 59.2 0.0475549
  61 25.8813 17.2 0.0138166
  62 26.8813 58.2 0.0467516
  63 27.8813 70.8 0.0568731
  64 28.8813 0 0
  65 29.8813 0 0
  66 30.8813 0 0
  67 31.8813 0 0
  68 32.8813 0 0
  69 33.8813 0 0
  70 34.8813 0 0
6000000 70 2520
  1 -34.1187 0 0
  2 -33.1187 0 0
  3 -32.1187 0 0
  4 -31.1187 0 0
  5 -30.1187 0 0
  6 -29.1187 0 0
  7 -28.1187 27.4 0.0220102
  8 -27.1187 86 0.0690831
  9 -26.1187 26.6 0.0213676
  10 -25.1187 40.4 0.032453
  11 -24.1187 45.4 0.0364694
  12 -23.1187 41 0.032935
  13 -22.1187 37.2 0.0298825
  14 -21.1187 50.4 0.0404859
  15 -20.1187 40.8 0.0327743
  16 -19.1187 43.2 0.0347022
  17 -18.1187 49.2 0.039522
  18 -17.1187 37.4 0.0300431
  19 -16.1187 46 0.0369514
  20 -15.1187 43.2 0.0347022
  21 -14.1187 46.4 0.0372727
  22 -13.1187 45.2 0.0363088
  23 -12.1187 42.2 0.0338989
  24 -11.1187 47 0.0377547
  25 -10.1187 37.4 0.0300431
  26 -9.11872 42.6 0.0342202
  27 -8.11872 49 0.0393613
  28 -7.11872 40.4 0.032453
  29 -6.11872 43.8 0.0351842
  30 -5.11872 46.4 0.0372727
  31 -4.11872 39.4 0.0316497
  32 -3.11872 47.6 0.0382367
  33 -2.11872 39.6 0.0318104
  34 -1.11872 47.8 0.0383974
  35 -0.118716 38.4 0.0308464
  36 0.881284 47.6 0.0382367
  37 1.88128 48 0.038558
  38 2.88128 45 0.0361481
  39 3.88128 46.2 0.0371121
  40 4.88128 44.8 0.0359875
  41 5.88128 37 0.0297218
  42 6.88128 45.6 0.0366301
  43 7.88128 39.4 0.0316497
  44 8.88128 45.6 0.0366301
  45 9.88128 45 0.0361481
  46 10.8813 41.4 0.0332563
  47 11.8813 38 0.0305251
  48 12.8813 48 0.038558
  49 13.8813 43.4 0.0348629
  50 14.8813 42.8 0.0343809
  51 15.8813 49.4 0.0396826
  52 16.8813 39.4 0.0316497
  53 17.8813 47.4 0.038076
  54 18.8813 47 0.0377547
  55 19.8813 29 0.0232955
  56 20.8813 59.2 0.0475549
  57 21.8813 36.8 0.0295611
  58 22.8813 51.8 0.0416105
  59 23.8813 36.8 0.0295611
  60 24.8813 53 0.0425745
  61 25.8813 17.6 0.0141379
  62 26.8813 72.2 0.0579977
  63 27.8813 55.2 0.0443417
  64 28.8813 0 0
  65 29.8813 0 0
  66 30.8813 0 0
  67 31.8813 0 0
  68 32.8813 0 0
  69 33.8813 0 0
  70 34.8813 0 0
6500000 70 2520
  1 -34.1187 0 0
  2 -33.1187 0 0
  3 -32.1187 0 0
  4 -31.1187 0 0
  5 -30.1187 0 0
  6 -29.1187 0 0
  7 -28.1187 31.4 0.0252234
  8 -27.1187 85.4 0.0686011
  9 -26.1187 16.2 0.0130133
  10 -25.1187 51 0.0409679
  11 -24.1187 44.2 0.0355055
  12 -23.1187 42.2 0.0338989
  13 -22.1187 39.4 0.0316497
  14 -21.1187 52.2 0.0419318
  15 -20.1187 42 0.0337383
  16 -19.1187 41 0.032935
  17 -18.1187 41.2 0.0330956
  18 -17.1187 44 0.0353448
  19 -16.1187 37.2 0.0298825
  20 -15.1187 47.6 0.0382367
  21 -14.1187 43 0.0345415
  22 -13.1187 48.6 0.03904
  23 -12.1187 40 0.0321317
  24 -11.1187 41.6 0.0334169
  25 -10.1187 45 0.0361481
  26 -9.11872 40.4 0.032453
  27 -8.11872 39.4 0.0316497
  28 -7.11872 52 0.0417712
  29 -6.11872 34.4 0.0276332
  30 -5.11872 43.8 0.0351842
  31 -4.11872 52.8 0.0424138
  32 -3.11872 40.4 0.032453
  33 -2.11872 44.6 0.0358268
  34 -1.11872 45.4 0.0364694
  35 -0.118716 40.4 0.032453
  36 0.881284 43.4 0.0348629
  37 1.88128 48.2 0.0387187
  38 2.88128 46.6 0.0374334
  39 3.88128 41 0.032935
  40 4.88128 45.6 0.0366301
  41 5.88128 42.8 0.0343809
  42 6.88128 43.4 0.0348629
  43 7.88128 44.8 0.0359875
  44 8.88128 46.2 0.0371121
  45 9.88128 38.4 0.0308464
  46 10.8813 45 0.0361481
  47 11.8813 43 0.0345415
  48 12.8813 38.2 0.0306857
  49 13.8813 51 0.0409679
  50 14.8813 41 0.032935
  51 15.8813 43.8 0.0351842
  52 16.8813 45.8 0.0367908
  53 17.8813 46.6 0.0374334
  54 18.8813 41.8 0.0335776
  55 19.8813 37.6 0.0302038
  56 20.8813 40.2 0.0322923
  57 21.8813 50.8 0.0408072
  58 22.8813 30.2 0.0242594
  59 23.8813 52 0.0417712
  60 24.8813 59.4 0.0477155
  61 25.8813 21.2 0.0170298
  62 26.8813 56.4 0.0453057
  63 27.8813 68.8 0.0552665
  64 28.8813 0 0
  65 29.8813 0 0
  66 30.8813 0 0
  67 31.8813 0 0
  68 32.8813 0 0
  69 33.8813 0 0
  70 34.8813 0 0
7000000 70 2520
  1 -34.1187 0 0
  2 -33.1187 0 0
  3 -32.1187 0 0
  4 -31.1187 0 0
  5 -30.1187 0 0
  6 -29.1187 0 0
  7 -28.1187 28 0.0224922
  8 -27.1187 81.4 0.065388
  9 -26.1187 36.6 0.0294005
  10 -25.1187 38.4 0.0308464
  11 -24.1187 50 0.0401646
  12 -23.1187 40.6 0.0326136
  13 -22.1187 42.2 0.0338989
  14 -21.1187 51.8 0.0416105
  15 -20.1187 30.6 0.0245807
  16 -19.1187 42.8 0.0343809
  17 -18.1187 47.6 0.0382367
  18 -17.1187 37.4 0.0300431
  19 -16.1187 45.8 0.0367908
  20 -15.1187 45.6 0.0366301
  21 -14.1187 38.6 0.0310071
  22 -13.1187 45.2 0.0363088
  23 -12.1187 41.2 0.0330956
  24 -11.1187 50.2 0.0403253
  25 -10.1187 32.2 0.025866
  26 -9.11872 43 0.0345415
  27 -8.11872 50.8 0.0408072
  28 -7.11872 38.8 0.0311677
  29 -6.11872 45.2 0.0363088
  30 -5.11872 48.8 0.0392006
  31 -4.11872 34.6 0.0277939
  32 -3.11872 43 0.0345415
  33 -2.11872 55.2 0.0443417
  34 -1.11872 42.4 0.0340596
  35 -0.118716 36.8 0.0295611
  36 0.881284 48.8 0.0392006
  37 1.88128 44.6 0.0358268
  38 2.88128 43.6 0.0350235
  39 3.88128 48 0.038558
  40 4.88128 38.6 0.0310071
  41 5.88128 47.6 0.0382367
  42 6.88128 33 0.0265086
  43 7.88128 52.4 0.0420925
  44 8.88128 43 0.0345415
  45 9.88128 42.2 0.0338989
  46 10.8813 42.2 0.0338989
  47 11.8813 40.2 0.0322923
  48 12.8813 42.6 0.0342202
  49 13.8813 47.4 0.038076
  50 14.8813 46.6 0.0374334
  51 15.8813 48 0.038558
  52 16.8813 37.6 0.0302038
  53 17.8813 43.4 0.0348629
  54 18.8813 43.6 0.0350235
  55 19.8813 43.8 0.0351842
  56 20.8813 48.8 0.0392006
  57 21.8813 41.8 0.0335776
  58 22.8813 43.4 0.0348629
  59 23.8813 44 0.0353448
  60 24.8813 50.6 0.0406466
  61 25.8813 26.4 0.0212069
  62 26.8813 53.6 0.0430564
  63 27.8813 69.4 0.0557485
  64 28.8813 0 0
  65 29.8813 0 0
  66 30.8813 0 0
  67 31.8813 0 0
  68 32.8813 0 0
  69 33.8813 0 0
  70 34.8813 0 0
