# Chunk-averaged data for fix DENSITYFIXwater and group file
# Timestep Number-of-chunks Total-count
# Chunk Coord1 Ncount density/number
2500000 70 2520
  1 -34.1187 0 0
  2 -33.1187 0 0
  3 -32.1187 0 0
  4 -31.1187 0 0
  5 -30.1187 0 0
  6 -29.1187 0 0
  7 -28.1187 27.6 0.0221709
  8 -27.1187 87.4 0.0702077
  9 -26.1187 24.8 0.0199216
  10 -25.1187 45.4 0.0364694
  11 -24.1187 51.8 0.0416105
  12 -23.1187 35.4 0.0284365
  13 -22.1187 47 0.0377547
  14 -21.1187 39.2 0.031489
  15 -20.1187 46.2 0.0371121
  16 -19.1187 46.2 0.0371121
  17 -18.1187 38 0.0305251
  18 -17.1187 38.6 0.0310071
  19 -16.1187 40.4 0.032453
  20 -15.1187 53 0.0425745
  21 -14.1187 35 0.0281152
  22 -13.1187 52.6 0.0422532
  23 -12.1187 40.4 0.032453
  24 -11.1187 37.8 0.0303644
  25 -10.1187 43.4 0.0348629
  26 -9.11872 44.6 0.0358268
  27 -8.11872 46.8 0.0375941
  28 -7.11872 36.4 0.0292398
  29 -6.11872 47.2 0.0379154
  30 -5.11872 41.2 0.0330956
  31 -4.11872 45 0.0361481
  32 -3.11872 47.6 0.0382367
  33 -2.11872 42.2 0.0338989
  34 -1.11872 45.8 0.0367908
  35 -0.118716 40.4 0.032453
  36 0.881284 45.6 0.0366301
  37 1.88128 37.2 0.0298825
  38 2.88128 41.8 0.0335776
  39 3.88128 47 0.0377547
  40 4.88128 41 0.032935
  41 5.88128 46 0.0369514
  42 6.88128 44.2 0.0355055
  43 7.88128 38.2 0.0306857
  44 8.88128 54.4 0.0436991
  45 9.88128 39.4 0.0316497
  46 10.8813 42.6 0.0342202
  47 11.8813 42.2 0.0338989
  48 12.8813 41.4 0.0332563
  49 13.8813 48.4 0.0388793
  50 14.8813 39.4 0.0316497
  51 15.8813 45 0.0361481
  52 16.8813 43.4 0.0348629
  53 17.8813 46.2 0.0371121
  54 18.8813 45.2 0.0363088
  55 19.8813 37.6 0.0302038
  56 20.8813 52.4 0.0420925
  57 21.8813 51.6 0.0414499
  58 22.8813 33.4 0.0268299
  59 23.8813 43.2 0.0347022
  60 24.8813 57.8 0.0464303
  61 25.8813 14 0.0112461
  62 26.8813 67.2 0.0539812
  63 27.8813 66.8 0.0536599
  64 28.8813 0 0
  65 29.8813 0 0
  66 30.8813 0 0
  67 31.8813 0 0
  68 32.8813 0 0
  69 33.8813 0 0
  70 34.8813 0 0
3000000 70 2520
  1 -34.1187 0 0
  2 -33.1187 0 0
  3 -32.1187 0 0
  4 -31.1187 0 0
  5 -30.1187 0 0
  6 -29.1187 0 0
  7 -28.1187 27.2 0.0218495
  8 -27.1187 84.8 0.0681191
  9 -26.1187 24.6 0.019761
  10 -25.1187 37.2 0.0298825
  11 -24.1187 55 0.0441811
  12 -23.1187 50.6 0.0406466
  13 -22.1187 30.6 0.0245807
  14 -21.1187 54 0.0433778
  15 -20.1187 37 0.0297218
  16 -19.1187 52.4 0.0420925
  17 -18.1187 35 0.0281152
  18 -17.1187 47.6 0.0382367
  19 -16.1187 49.8 0.0400039
  20 -15.1187 38.2 0.0306857
  21 -14.1187 46.6 0.0374334
  22 -13.1187 38.2 0.0306857
  23 -12.1187 46.8 0.0375941
  24 -11.1187 40.8 0.0327743
  25 -10.1187 47.2 0.0379154
  26 -9.11872 40.4 0.032453
  27 -8.11872 43 0.0345415
  28 -7.11872 49.8 0.0400039
  29 -6.11872 36.2 0.0290792
  30 -5.11872 46.2 0.0371121
  31 -4.11872 46.6 0.0374334
  32 -3.11872 38.6 0.0310071
  33 -2.11872 48.4 0.0388793
  34 -1.11872 40.2 0.0322923
  35 -0.118716 46 0.0369514
  36 0.881284 49 0.0393613
  37 1.88128 34.6 0.0277939
  38 2.88128 47 0.0377547
  39 3.88128 41.6 0.0334169
  40 4.88128 49.8 0.0400039
  41 5.88128 36.8 0.0295611
  42 6.88128 46 0.0369514
  43 7.88128 45.4 0.0364694
  44 8.88128 38.4 0.0308464
  45 9.88128 47.4 0.038076
  46 10.8813 48.6 0.03904
  47 11.8813 39.8 0.031971
  48 12.8813 37 0.0297218
  49 13.8813 57.2 0.0459483
  50 14.8813 26.2 0.0210462
  51 15.8813 48.4 0.0388793
  52 16.8813 49.6 0.0398433
  53 17.8813 40 0.0321317
  54 18.8813 39.2 0.031489
  55 19.8813 43.6 0.0350235
  56 20.8813 47.4 0.038076
  57 21.8813 43.4 0.0348629
  58 22.8813 42 0.0337383
  59 23.8813 43.6 0.0350235
  60 24.8813 53.2 0.0427351
  61 25.8813 19.4 0.0155839
  62 26.8813 69 0.0554271
  63 27.8813 57.4 0.046109
  64 28.8813 0 0
  65 29.8813 0 0
  66 30.8813 0 0
  67 31.8813 0 0
  68 32.8813 0 0
  69 33.8813 0 0
  70 34.8813 0 0
3500000 70 2520
  1 -34.1187 0 0
  2 -33.1187 0 0
  3 -32.1187 0 0
  4 -31.1187 0 0
  5 -30.1187 0 0
  6 -29.1187 0 0
  7 -28.1187 35 0.0281152
  8 -27.1187 86.6 0.0695651
  9 -26.1187 20.4 0.0163872
  10 -25.1187 41.4 0.0332563
  11 -24.1187 58.8 0.0472336
  12 -23.1187 39.2 0.031489
  13 -22.1187 40 0.0321317
  14 -21.1187 49.2 0.039522
  15 -20.1187 42.2 0.0338989
  16 -19.1187 38.4 0.0308464
  17 -18.1187 42.4 0.0340596
  18 -17.1187 49.8 0.0400039
  19 -16.1187 38.2 0.0306857
  20 -15.1187 47 0.0377547
  21 -14.1187 44.4 0.0356662
  22 -13.1187 40 0.0321317
  23 -12.1187 39.8 0.031971
  24 -11.1187 45.2 0.0363088
  25 -10.1187 45.8 0.0367908
  26 -9.11872 45 0.0361481
  27 -8.11872 37.2 0.0298825
  28 -7.11872 44.6 0.0358268
  29 -6.11872 45.2 0.0363088
  30 -5.11872 41 0.032935
  31 -4.11872 49.6 0.0398433
  32 -3.11872 37.6 0.0302038
  33 -2.11872 42.2 0.0338989
  34 -1.11872 56.4 0.0453057
  35 -0.118716 36.8 0.0295611
  36 0.881284 41.8 0.0335776
  37 1.88128 42.6 0.0342202
  38 2.88128 40.6 0.0326136
  39 3.88128 49.8 0.0400039
  40 4.88128 36.6 0.0294005
  41 5.88128 49 0.0393613
  42 6.88128 45 0.0361481
  43 7.88128 39.4 0.0316497
  44 8.88128 40.2 0.0322923
  45 9.88128 48 0.038558
  46 10.8813 45.6 0.0366301
  47 11.8813 39.4 0.0316497
  48 12.8813 47.2 0.0379154
  49 13.8813 44.6 0.0358268
  50 14.8813 36.8 0.0295611
  51 15.8813 41 0.032935
  52 16.8813 48.8 0.0392006
  53 17.8813 44.4 0.0356662
  54 18.8813 44.6 0.0358268
  55 19.8813 39 0.0313284
  56 20.8813 42.6 0.0342202
  57 21.8813 50.6 0.0406466
  58 22.8813 34.6 0.0277939
  59 23.8813 40.4 0.032453
  60 24.8813 62 0.0498041
  61 25.8813 17.8 0.0142986
  62 26.8813 57.8 0.0464303
  63 27.8813 70.4 0.0565517
  64 28.8813 0 0
  65 29.8813 0 0
  66 30.8813 0 0
  67 31.8813 0 0
  68 32.8813 0 0
  69 33.8813 0 0
  70 34.8813 0 0
4000000 70 2520
  1 -34.1187 0 0
  2 -33.1187 0 0
  3 -32.1187 0 0
  4 -31.1187 0 0
  5 -30.1187 0 0
  6 -29.1187 0 0
  7 -28.1187 30.4 0.0244201
  8 -27.1187 88.6 0.0711717
  9 -26.1187 24 0.019279
  10 -25.1187 39.4 0.0316497
  11 -24.1187 51.6 0.0414499
  12 -23.1187 43.8 0.0351842
  13 -22.1187 40.2 0.0322923
  14 -21.1187 47 0.0377547
  15 -20.1187 39.6 0.0318104
  16 -19.1187 44 0.0353448
  17 -18.1187 40.4 0.032453
  18 -17.1187 45.2 0.0363088
  19 -16.1187 42.6 0.0342202
  20 -15.1187 44.8 0.0359875
  21 -14.1187 41.8 0.0335776
  22 -13.1187 50.8 0.0408072
  23 -12.1187 38.8 0.0311677
  24 -11.1187 39.2 0.031489
  25 -10.1187 47.2 0.0379154
  26 -9.11872 40.6 0.0326136
  27 -8.11872 49 0.0393613
  28 -7.11872 37.6 0.0302038
  29 -6.11872 52.6 0.0422532
  30 -5.11872 36.2 0.0290792
  31 -4.11872 45 0.0361481
  32 -3.11872 45.6 0.0366301
  33 -2.11872 41.8 0.0335776
  34 -1.11872 46.8 0.0375941
  35 -0.118716 36.2 0.0290792
  36 0.881284 43.2 0.0347022
  37 1.88128 44 0.0353448
  38 2.88128 35.8 0.0287578
  39 3.88128 51 0.0409679
  40 4.88128 44.6 0.0358268
  41 5.88128 43 0.0345415
  42 6.88128 49.2 0.039522
  43 7.88128 38.8 0.0311677
  44 8.88128 46 0.0369514
  45 9.88128 35 0.0281152
  46 10.8813 46.6 0.0374334
  47 11.8813 49 0.0393613
  48 12.8813 33.2 0.0266693
  49 13.8813 50.4 0.0404859
  50 14.8813 43.4 0.0348629
  51 15.8813 39 0.0313284
  52 16.8813 48.8 0.0392006
  53 17.8813 44.6 0.0358268
  54 18.8813 41.2 0.0330956
  55 19.8813 43.2 0.0347022
  56 20.8813 43 0.0345415
  57 21.8813 39.6 0.0318104
  58 22.8813 45.6 0.0366301
  59 23.8813 55 0.0441811
  60 24.8813 47 0.0377547
  61 25.8813 19 0.0152625
  62 26.8813 57.4 0.046109
  63 27.8813 72.6 0.058319
  64 28.8813 0 0
  65 29.8813 0 0
  66 30.8813 0 0
  67 31.8813 0 0
  68 32.8813 0 0
  69 33.8813 0 0
  70 34.8813 0 0
4500000 70 2520
  1 -34.1187 0 0
  2 -33.1187 0 0
  3 -32.1187 0 0
  4 -31.1187 0 0
  5 -30.1187 0 0
  6 -29.1187 0 0
  7 -28.1187 30.8 0.0247414
  8 -27.1187 91.2 0.0732602
  9 -26.1187 23 0.0184757
  10 -25.1187 39.8 0.031971
  11 -24.1187 58.8 0.0472336
  12 -23.1187 39.4 0.0316497
  13 -22.1187 37 0.0297218
  14 -21.1187 47.4 0.038076
  15 -20.1187 42 0.0337383
  16 -19.1187 40 0.0321317
  17 -18.1187 48.4 0.0388793
  18 -17.1187 42.8 0.0343809
  19 -16.1187 41.2 0.0330956
  20 -15.1187 49.2 0.039522
  21 -14.1187 36.2 0.0290792
  22 -13.1187 49.8 0.0400039
  23 -12.1187 42.2 0.0338989
  24 -11.1187 42.4 0.0340596
  25 -10.1187 45.2 0.0363088
  26 -9.11872 42.2 0.0338989
  27 -8.11872 51.4 0.0412892
  28 -7.11872 41.2 0.0330956
  29 -6.11872 39.8 0.031971
  30 -5.11872 48.8 0.0392006
  31 -4.11872 43.6 0.0350235
  32 -3.11872 35.8 0.0287578
  33 -2.11872 47.2 0.0379154
  34 -1.11872 48.4 0.0388793
  35 -0.118716 35.8 0.0287578
  36 0.881284 49 0.0393613
  37 1.88128 42.2 0.0338989
  38 2.88128 42 0.0337383
  39 3.88128 42.8 0.0343809
  40 4.88128 48 0.038558
  41 5.88128 32.8 0.026348
  42 6.88128 45.4 0.0364694
  43 7.88128 46.4 0.0372727
  44 8.88128 38 0.0305251
  45 9.88128 51.8 0.0416105
  46 10.8813 43.8 0.0351842
  47 11.8813 40.2 0.0322923
  48 12.8813 41 0.032935
  49 13.8813 44 0.0353448
  50 14.8813 40.4 0.032453
  51 15.8813 38.2 0.0306857
  52 16.8813 51 0.0409679
  53 17.8813 35.2 0.0282759
  54 18.8813 55 0.0441811
  55 19.8813 35.8 0.0287578
  56 20.8813 44 0.0353448
  57 21.8813 51 0.0409679
  58 22.8813 33.8 0.0271513
  59 23.8813 47.2 0.0379154
  60 24.8813 55.2 0.0443417
  61 25.8813 14.8 0.0118887
  62 26.8813 60.8 0.0488401
  63 27.8813 69.2 0.0555878
  64 28.8813 0 0
  65 29.8813 0 0
  66 30.8813 0 0
  67 31.8813 0 0
  68 32.8813 0 0
  69 33.8813 0 0
  70 34.8813 0 0
5000000 70 2520
  1 -34.1187 0 0
  2 -33.1187 0 0
  3 -32.1187 0 0
  4 -31.1187 0 0
  5 -30.1187 0 0
  6 -29.1187 0 0
  7 -28.1187 38.6 0.0310071
  8 -27.1187 76 0.0610502
  9 -26.1187 27.4 0.0220102
  10 -25.1187 41.2 0.0330956
  11 -24.1187 48.8 0.0392006
  12 -23.1187 39 0.0313284
  13 -22.1187 41 0.032935
  14 -21.1187 50.2 0.0403253
  15 -20.1187 41.2 0.0330956
  16 -19.1187 43.2 0.0347022
  17 -18.1187 39.8 0.031971
  18 -17.1187 46.8 0.0375941
  19 -16.1187 41.2 0.0330956
  20 -15.1187 49.2 0.039522
  21 -14.1187 42.4 0.0340596
  22 -13.1187 46 0.0369514
  23 -12.1187 46.4 0.0372727
  24 -11.1187 34.2 0.0274726
  25 -10.1187 48 0.038558
  26 -9.11872 39.6 0.0318104
  27 -8.11872 41.6 0.0334169
  28 -7.11872 51.4 0.0412892
  29 -6.11872 38.4 0.0308464
  30 -5.11872 41.8 0.0335776
  31 -4.11872 41.8 0.0335776
  32 -3.11872 45.6 0.0366301
  33 -2.11872 38 0.0305251
  34 -1.11872 45.4 0.0364694
  35 -0.118716 46.8 0.0375941
  36 0.881284 42.2 0.0338989
  37 1.88128 48.8 0.0392006
  38 2.88128 39.8 0.031971
  39 3.88128 44 0.0353448
  40 4.88128 40.2 0.0322923
  41 5.88128 46 0.0369514
  42 6.88128 45 0.0361481
  43 7.88128 41.2 0.0330956
  44 8.88128 45.8 0.0367908
  45 9.88128 43.4 0.0348629
  46 10.8813 40.4 0.032453
  47 11.8813 42.8 0.0343809
  48 12.8813 50.4 0.0404859
  49 13.8813 40 0.0321317
  50 14.8813 40.6 0.0326136
  51 15.8813 48.2 0.0387187
  52 16.8813 40.4 0.032453
  53 17.8813 44 0.0353448
  54 18.8813 45.8 0.0367908
  55 19.8813 40.4 0.032453
  56 20.8813 47.6 0.0382367
  57 21.8813 42.4 0.0340596
  58 22.8813 37.6 0.0302038
  59 23.8813 52.2 0.0419318
  60 24.8813 54.4 0.0436991
  61 25.8813 17.4 0.0139773
  62 26.8813 67.2 0.0539812
  63 27.8813 60.8 0.0488401
  64 28.8813 0 0
  65 29.8813 0 0
  66 30.8813 0 0
  67 31.8813 0 0
  68 32.8813 0 0
  69 33.8813 0 0
  70 34.8813 0 0
